joint_names: ["arm_1_joint","arm_2_joint","arm_3_joint","arm_4_joint","arm_5_joint","arm_6_joint", "arm_7_joint"]

# back side positions
home: [[0,0,0,0,0,0,0]]
folded: [[0.0,-0.7462504282752155, -0.5695882013883494, -1.0179807395182126, 0.03600614246864302, 0.49300315381083826, 0.0]]
waveleft: [[0.0,0.321033880484058, 0.49950722659008573, -0.4061025056033145, -0.2370251233291425, 5.300248440143207e-06, 9.462633828505318e-06]]
waveright: [[0.0,0.4741062629069983, -0.7912476227793528, 0.0041526706870680385, -2.4662076334003302e-05, 2.4489075676648042e-05, 8.393716051102729e-06]]

test_lin_x: [[9.206560630303784e-06, 1.0285665835746238, 1.8761322254867707e-05, -0.6972995566948859, -4.9828510928939806e-05, -0.32737618843376204, 2.826154361201816e-05]]
test_lin_y: [[1.21971704477913, 0.818550208849504, -1.8005242519514901, -0.6738881730569801, -0.9060936640799424, 1.1238344385617198, 1.183521591449467]]
test_lin_z: [[-1.3340213564028147e-05, -0.3914167333787022, 8.022423121012423e-05, -0.17413518196975186, -5.714829416625378e-05, 0.5633256541366505, -1.2566625097854e-05]]
test_rot_x: [[0,0,0,0,0,0,0]]
test_rot_y: [[0,0,0,0,0,0,0]]
test_rot_z: [[0,0,0,0,0,0,0]]
home_fold : [[-7.032459842015726e-06, 0.24847397048845377, -7.113200437558476e-07, -0.6338215506137459, -4.663850052821772e-07, 0.385414918220663, 3.0381870974593994e-06]]

# trajectories
wave: [waveleft,waveright,home]
